2.30
2.28
2.28
2.27
2.26
2.26
2.25
2.26
2.26
2.29
2.34
2.42
2.48
2.54
2.61
2.62
2.64
2.65
2.66
2.64
2.63
2.63
2.62
2.62
2.64
2.67
2.72
2.71
2.75
2.76
2.77
2.78
2.80
2.80
2.83
2.85
2.84
2.88
2.91
2.93
2.95
2.95
2.94
2.96
2.94
2.93
2.93
2.94
3.00
3.01
3.03
3.01
3.03
3.03
3.05
3.04
3.08
3.12
3.11
3.10
3.09
3.07
3.08
3.07
3.10
3.07
3.07
3.07
3.07
3.06
3.06
3.05
3.08
3.11
3.18
3.19
3.19
3.20
3.19
3.16
3.15
3.16
3.23
3.29
3.42
3.43
3.42
3.38
3.33
3.32
3.27
3.25
3.22
3.19
3.16
3.12
3.05
3.00
2.98
2.93
2.93
2.86
2.79
2.73
2.70
2.67
2.64
2.66
2.67
2.68
2.72
2.74
2.73
2.79
2.77
2.74
2.70
2.73
2.80
2.86
2.89
2.92
2.93
2.93
2.93
2.89
2.80
2.72
2.70
2.71
2.70
2.70
2.71
2.72
2.72
2.69
2.70
2.71
2.71
3.23
3.94
4.94
6.03
7.32
8.59
10.08
11.61
13.14
14.66
16.11
17.58
19.10
20.62
22.16
23.70
25.23
26.77
28.33
29.88
31.42
32.95
34.47
36.00
37.53
39.07
40.60
42.16
43.68
45.20
46.65
48.11
49.57
51.07
52.50
53.96
55.41
56.89
58.37
59.82
61.32
62.82
64.30
65.73
67.14
68.58
69.97
71.35
72.71
74.10
75.45
76.81
78.15
79.50
80.82
82.19
83.52
84.88
86.27
87.68
88.95
88.92
88.90
88.88
88.87
88.86
88.85
88.84
88.85
89.85
89.82
89.81
89.80
89.78
89.77
89.77
89.83
89.57
89.60
89.40
89.43
89.54
89.51
89.59
89.66
90.01
90.28
90.34
90.30
90.33
90.21
90.29
90.28
90.27
90.25
90.28
90.28
90.29
90.40
90.50
90.55
90.50
90.51
90.51
90.52
90.54
90.54
90.50
90.50
90.50
90.49
90.48
90.48
90.47
90.47
90.46
90.47
90.49
90.49
90.47
90.42
90.25
90.23
90.03
90.12
90.11
90.10
90.07
90.05
90.04
90.02
90.01
90.01
90.02
90.01
90.00
90.01
90.01
90.00
90.01
90.01
90.01
89.99
90.01
90.01
90.07
90.07
90.10
90.07
90.01
89.98
89.91
89.89
89.83
89.79
89.75
89.77
89.76
89.80
89.80
89.84
89.87
89.92
89.97
90.03
90.04
89.86
89.82
89.77
89.77
89.76
89.73
89.71
89.69
89.66
89.63
89.57
89.51
89.50
89.48
89.43
89.44
89.43
89.45
89.40
89.36
89.33
89.29
89.28
89.27
89.24
89.20
89.14
89.10
89.02
88.95
88.92
88.84
88.76
88.65
88.57
88.52
88.45
88.35
88.25
88.16
88.09
87.99
87.90
87.80
87.73
87.66
87.61
87.53
87.46
87.36
87.27
87.21
87.12
87.02
86.94
86.85
86.75
86.66
86.56
86.49
86.39
86.26
86.17
86.05
85.94
85.83
85.76
85.66
85.56
85.49
85.40
85.29
85.19
85.11
85.03
84.95
84.86
84.78
84.69
84.58
84.50
84.38
84.27
84.19
84.09
83.99
83.86
83.78
83.69
83.57
83.49
83.37
83.25
83.17
83.09
82.99
82.89
82.82
82.71
82.62
82.52
82.43
82.32
82.24
82.19
82.10
82.03
81.97
81.90
81.84
81.73
81.67
81.59
81.51
81.44
81.38
81.33
81.27
81.18
81.12
81.03
80.92
80.90
80.84
80.77
80.64
80.53
80.46
80.40
80.35
80.32
80.34
80.36
80.35
80.35
80.35
80.33
80.32
80.32
80.50
81.33
82.39
83.60
84.92
86.41
87.90
89.32
90.83
92.26
93.70
95.20
96.66
98.17
99.69
101.19
102.70
104.19
105.72
107.16
108.67
110.20
111.73
113.29
114.82
116.34
117.89
119.43
120.96
122.48
124.00
125.47
127.01
128.55
130.03
131.59
133.11
134.62
136.09
137.63
139.17
140.63
142.17
143.70
145.19
146.76
148.18
149.69
151.19
152.70
154.23
155.73
157.19
158.62
160.10
161.57
163.05
164.53
165.99
167.51
168.97
170.47
171.91
173.41
174.90
176.35
177.75
179.18
179.88
179.87
179.86
179.86
179.84
179.83
179.46
179.22
179.20
179.19
179.18
179.18
179.17
179.15
179.15
179.25
178.94
179.02
178.12
177.73
177.70
178.01
178.17
178.10
178.14
178.16
178.19
178.21
178.21
178.25
178.25
178.22
178.23
178.23
178.27
178.20
178.19
178.19
178.20
178.20
178.22
178.23
178.22
178.21
178.22
178.22
178.21
178.21
178.21
178.20
178.22
178.21
178.24
178.28
178.30
178.30
178.27
178.27
178.27
178.26
178.25
178.23
178.22
178.18
178.17
178.15
178.13
178.14
178.13
178.09
178.06
178.06
178.03
178.02
178.01
177.98
177.96
177.93
177.92
177.92
177.91
177.87
177.86
177.84
177.83
177.79
177.77
177.74
177.72
177.67
177.64
177.57
177.59
177.54
177.51
177.48
177.42
177.35
177.31
177.28
177.23
177.17
177.17
177.10
177.07
177.01
176.95
176.90
176.84
176.77
176.72
176.71
176.66
176.60
176.55
176.48
176.43
176.38
176.32
176.27
176.20
176.13
176.05
176.01
175.96
175.92
175.86
175.83
175.81
175.78
175.74
175.70
175.72
175.68
175.66
175.63
175.62
175.57
175.57
175.54
175.50
175.48
175.47
175.69
176.16
176.67
177.17
177.65
178.11
178.59
178.92
179.29
179.47
179.86
179.90
179.89
179.87
179.88
179.89
179.88
179.87
179.87
179.87
179.87
179.87
179.87
179.85
179.86
179.85
179.85
179.84
179.86
179.85
179.87
179.86
179.85
179.85
179.88
180.11
180.16
180.15
180.14
180.13
180.14
180.15
180.15
180.14
180.14
180.13
180.13
180.15
180.14
180.14
180.14
180.14
180.14
180.14
180.15
180.14
180.14
180.14
180.13
180.12
180.11
180.11
180.11
180.12
180.14
180.12
180.13
180.12
180.11
180.11
180.10
180.10
180.11
180.11
180.12
180.13
180.19
180.21
180.19
180.25
180.41
180.44
180.42
180.43
180.52
180.52
180.50
180.49
180.52
180.50
180.49
180.50
180.51
180.50
180.49
180.47
180.46
180.46
180.46
180.46
180.46
180.45
180.45
180.44
180.45
180.43
180.42
180.42
180.43
180.43
180.42
180.41
180.40
180.40
180.41
180.39
180.38
180.38
180.39
180.38
180.38
180.38
180.36
180.35
180.36
180.36
180.36
180.36
180.34
180.32
180.33
180.32
180.32
180.32
180.32
180.30
180.28
180.27
180.27
180.26
180.25
180.25
180.24
180.24
180.23
180.23
180.24
180.22
180.23
180.22
180.21
180.20
180.20
180.20
180.19
180.20
180.19
180.20
180.20
180.18
180.17
180.16
180.16
180.15
180.13
180.13
180.13
180.12
180.13
180.11
180.09
180.09
180.09
180.08
180.07
180.04
180.04
180.03
180.02
180.03
180.00
179.99
179.99
179.97
179.96
179.95
179.96
179.96
179.95
179.94
179.95
179.94
179.93
179.93
179.92
179.91
179.90
179.90
179.88
179.88
179.87
179.86
179.86
179.85
179.85
179.84
179.83
179.83
179.82
179.82
179.80
179.79
179.79
179.77
179.76
179.75
179.76
179.76
179.74
179.73
179.73
179.71
179.71
179.70
179.70
179.69
179.69
179.68
179.68
179.68
179.67
179.67
179.66
179.65
179.64
179.64
179.63
179.61
179.61
179.61
179.59
179.58
179.56
179.56
179.54
179.55
179.54
179.54
179.54
179.53
179.52
179.51
179.50
179.49
179.49
179.48
179.47
179.47
179.47
179.47
179.45
179.45
179.45
179.44
179.43
179.42
179.39
179.38
179.37
179.36
179.36
179.34
179.33
179.32
179.31
179.31
179.30
179.29
179.28
179.27
179.28
179.28
179.28
179.27
179.26
179.25
179.25
179.25
179.25
179.24
179.22
179.21
179.19
179.19
179.18
179.17
179.17
179.17
179.16
179.14
179.13
179.11
179.11
179.11
179.10
179.08
179.07
179.06
179.06
179.05
179.04
179.05
179.05
179.04
179.04
179.03
179.01
179.00
179.01
179.00
178.98
178.98
178.96
178.97
178.96
178.95
178.94
178.92
178.90
178.89
178.89
178.88
178.87
178.87
178.86
178.83
178.81
178.81
178.79
178.78
178.78
178.77
178.77
178.75
178.76
178.75
178.73
178.73
178.70
178.69
178.68
178.66
178.66
178.64
178.62
178.63
178.61
178.61
178.60
178.57
178.55
178.54
178.52
178.52
178.50
178.49
178.47
178.46
178.45
178.45
178.44
178.43
178.42
178.41
178.41
178.41
178.39
178.37
178.37
178.36
178.35
178.34
178.34
178.34
178.33
178.32
178.30
178.29
178.28
178.26
178.26
178.25
178.26
178.24
178.24
178.23
178.22
178.20
178.19
178.17
178.18
178.17
178.16
178.16
178.14
178.12
178.10
178.09
178.08
178.07
178.06
178.04
178.03
178.02
177.97
177.99
177.99
178.00
177.95
177.94
177.93
177.92
177.65
177.63
177.60
177.59
177.58
177.59
177.57
177.55
177.53
177.53
177.51
177.49
177.48
177.46
177.45
177.44
177.43
177.41
177.41
177.41
177.40
177.39
177.26
175.97
175.13
174.60
173.69
173.68
173.67
173.66
173.67
173.66
173.65
173.65
173.64
173.62
173.59
173.47
173.42
173.42
173.42
173.42
173.41
173.42
173.42
173.41
173.42
173.41
173.41
173.41
173.41
173.40
173.40
173.43
173.48
173.65
173.59
173.60
173.75
173.76
173.75
173.75
173.88
174.12
174.31
173.86
173.88
174.29
174.16
173.99
173.96
173.97
173.94
173.95
173.94
173.93
173.92
173.99
173.98
173.98
173.98
173.97
173.97
173.98
173.97
173.96
173.95
173.94
173.93
173.91
173.91
173.90
173.90
173.90
173.89
173.89
173.89
173.89
173.89
173.88
173.89
173.88
173.89
173.88
173.88
174.00
174.32
174.63
174.93
176.33
177.73
179.15
180.55
181.95
183.31
184.68
186.05
187.43
188.77
190.10
191.44
192.81
194.18
195.60
197.02
198.40
199.87
201.26
202.71
204.15
205.57
207.00
208.20
208.36
208.34
208.34
208.33
208.31
208.32
208.32
208.32
208.31
208.32
208.31
208.31
208.30
208.29
208.29
208.30
208.28
208.27
208.27
208.26
208.26
208.25
208.24
208.23
208.23
208.22
208.21
208.13
208.27
208.21
207.51
207.47
207.44
207.47
207.45
207.45
207.27
207.38
207.26
207.17
207.16
207.13
207.11
207.10
207.13
207.18
207.13
207.15
207.20
207.09
207.07
207.05
207.03
206.99
206.71
206.56
206.51
206.49
206.49
206.49
206.51
206.49
206.58
206.88
207.18
207.52
207.66
207.64
207.65
207.77
207.82
207.83
207.82
207.76
207.72
207.71
207.70
207.70
207.71
207.69
207.69
207.68
207.67
207.65
207.63
207.62
207.59
207.59
207.58
207.56
207.55
207.54
207.52
207.51
207.51
207.51
207.50
207.50
207.49
207.47
207.47
207.46
207.45
207.44
207.43
207.43
207.43
207.42
207.42
207.41
207.43
207.41
207.41
207.40
207.38
207.36
207.44
207.65
208.17
208.04
207.81
207.79
207.68
207.74
207.53
207.64
207.72
207.71
207.70
207.76
207.77
207.77
207.75
207.75
207.75
207.73
207.76
207.75
207.69
207.80
207.70
207.67
207.78
207.97
207.96
207.96
207.93
207.95
208.15
208.14
208.13
208.18
209.08
210.22
211.35
212.44
213.57
214.68
215.78
216.83
217.91
219.00
220.08
221.23
222.33
223.27
224.30
225.35
226.41
227.47
227.80
227.79
227.81
227.79
227.79
227.78
227.77
227.76
227.75
227.73
227.73
227.71
227.71
227.70
227.69
227.70
227.69
227.69
227.69
227.68
227.70
227.69
227.68
227.66
227.66
227.65
227.65
227.63
227.63
227.65
227.65
227.63
227.62
227.62
227.61
227.62
227.62
227.62
227.62
227.64
227.65
227.65
227.66
227.65
227.63
227.62
227.64
227.64
227.63
227.63
227.63
227.65
