1.14
1.16
1.15
1.15
1.14
1.13
1.12
1.11
1.11
1.11
1.12
1.10
1.10
1.09
1.09
1.10
1.08
1.08
1.06
1.11
1.24
1.34
1.40
1.37
1.31
1.34
1.29
1.24
1.22
1.16
1.14
1.14
1.11
1.12
1.14
1.19
1.19
1.18
1.21
1.19
1.17
1.15
1.17
1.16
1.15
1.15
1.11
1.09
1.11
1.12
1.10
1.12
1.13
1.15
1.16
1.14
1.15
1.15
1.14
1.11
1.15
1.16
1.16
1.21
1.29
1.37
1.45
1.55
1.59
1.56
1.62
1.62
1.64
1.67
1.70
1.70
1.70
1.77
1.80
1.82
1.90
1.93
1.98
1.99
2.02
2.08
2.09
2.12
2.12
2.17
2.18
2.25
2.32
2.32
2.33
2.36
2.39
2.44
2.40
2.40
2.40
2.39
2.38
2.37
2.38
2.38
2.37
2.37
2.37
2.36
2.36
2.36
2.35
2.33
2.32
2.33
2.32
2.31
2.32
2.30
2.30
2.29
2.28
2.26
2.29
2.26
2.23
2.26
2.22
2.19
2.17
2.17
2.16
2.16
2.16
2.15
2.15
2.15
2.14
2.15
2.12
2.12
2.12
2.13
2.19
2.51
2.98
3.49
4.31
5.12
5.99
6.88
7.71
8.69
9.66
10.80
12.15
13.32
14.57
15.75
17.05
18.11
19.27
20.46
21.56
22.62
23.61
24.63
25.97
27.12
28.15
29.19
30.18
31.28
32.47
33.52
34.66
35.65
36.30
36.71
37.44
38.32
39.37
39.59
40.75
41.90
43.00
44.02
45.09
46.23
47.24
48.19
49.25
50.19
51.26
52.30
53.29
54.38
55.47
56.20
57.07
58.14
59.27
60.30
61.28
62.35
63.37
64.48
65.50
66.58
67.64
68.72
69.84
70.80
71.86
72.85
73.99
75.05
76.13
77.12
78.22
79.10
80.06
81.12
81.90
82.89
83.83
84.76
85.59
86.53
87.56
88.36
89.24
89.95
90.73
91.26
91.96
92.73
93.60
94.48
95.08
95.49
95.98
96.45
97.08
97.56
97.58
97.58
97.55
97.53
97.53
97.53
97.51
97.50
97.48
97.47
97.46
97.45
97.44
97.42
97.41
97.39
97.38
97.37
97.35
97.35
97.33
97.32
97.32
97.32
97.31
97.28
97.28
97.27
97.25
97.25
97.24
97.24
97.24
97.22
97.22
97.21
97.19
97.18
97.17
97.16
97.15
97.14
97.14
97.12
97.11
97.11
97.09
97.08
97.06
97.03
97.02
97.01
97.00
97.01
96.99
96.98
96.97
96.95
96.95
96.93
96.92
96.97
96.88
96.85
96.70
96.79
96.89
96.90
96.85
96.84
96.72
96.74
96.75
97.00
96.59
96.55
96.53
96.55
96.57
96.55
96.56
96.56
96.55
96.46
94.52
92.30
91.61
91.63
91.61
91.63
91.65
91.57
91.61
91.55
91.50
91.49
91.51
91.50
91.49
91.43
91.41
91.44
91.43
91.41
91.79
91.82
91.90
91.92
91.89
91.95
91.98
91.97
92.00
91.99
91.97
91.96
91.96
91.99
91.98
91.98
91.95
91.95
91.94
91.92
91.91
91.91
91.90
91.88
91.87
91.85
91.85
91.84
91.83
91.83
91.81
91.80
91.79
91.77
91.76
91.74
91.73
91.70
91.68
91.67
91.65
91.75
91.72
91.59
91.39
90.58
88.90
89.26
89.46
89.51
89.54
89.51
89.50
89.47
89.46
89.46
89.45
89.44
89.42
89.40
89.39
89.38
89.66
89.87
89.99
89.99
89.91
89.82
89.71
89.64
89.52
89.42
89.32
89.27
89.19
89.13
89.04
88.98
88.91
88.78
88.68
88.64
88.53
88.49
88.38
88.29
88.23
88.17
88.06
87.97
87.83
87.71
87.62
87.55
87.48
87.39
87.31
87.23
87.14
87.05
87.00
86.92
86.80
86.71
86.62
86.54
86.40
86.32
86.23
86.15
86.07
86.00
85.91
85.85
85.79
85.68
85.60
85.51
85.44
85.33
85.26
85.16
85.09
85.01
84.98
84.88
84.86
84.77
84.73
84.70
84.63
84.57
84.53
84.45
84.37
84.26
84.13
84.01
83.93
83.85
83.78
83.68
83.59
83.52
83.47
83.38
83.29
83.16
83.06
82.93
82.85
82.75
82.65
82.54
82.45
82.32
82.24
82.13
82.05
81.95
81.83
81.73
81.63
81.49
81.38
81.30
81.17
81.02
80.89
80.75
80.63
80.49
80.41
80.33
80.25
80.15
80.03
79.94
79.83
79.73
79.60
79.46
79.34
79.21
79.09
78.98
78.90
78.79
78.68
78.57
78.45
78.31
78.21
78.10
78.00
77.86
77.75
77.64
77.52
77.43
77.33
77.24
77.17
77.07
76.99
76.83
76.72
76.58
76.38
76.18
75.98
75.84
75.72
75.61
75.48
75.36
75.22
75.11
74.98
74.85
74.67
74.51
74.32
74.15
74.01
73.84
73.71
73.57
73.41
73.29
73.17
73.01
72.86
72.70
72.58
72.42
72.28
72.03
72.04
71.90
71.89
71.84
71.73
71.70
71.57
71.47
71.35
71.23
71.24
71.24
71.26
71.24
71.26
