0.08
0.08
0.08
0.09
0.11
0.12
0.12
0.10
0.10
0.10
0.11
0.12
0.12
0.11
0.12
0.12
0.12
0.12
0.11
0.13
0.12
0.13
0.16
0.16
0.15
0.17
0.16
0.17
0.16
0.16
0.18
0.19
0.19
0.18
0.20
0.20
0.20
0.20
0.22
0.22
0.23
0.24
0.24
0.25
0.24
0.25
0.26
0.27
0.27
0.25
0.26
0.26
0.25
0.25
0.24
0.27
0.30
0.33
0.38
0.43
0.48
0.53
0.58
0.59
0.64
0.70
0.74
0.79
0.79
0.86
0.88
0.94
0.97
0.99
1.01
1.09
1.14
1.22
1.26
1.30
1.30
1.34
1.38
1.41
1.42
1.46
1.49
1.50
1.58
1.64
1.66
1.71
1.81
1.84
1.87
1.91
1.98
2.04
2.10
2.21
2.28
2.35
2.45
2.55
2.64
2.72
2.78
2.85
2.96
3.10
3.17
3.30
3.42
3.54
3.65
3.79
3.90
4.04
4.14
4.21
4.32
4.43
4.56
4.67
4.80
4.95
5.10
5.25
5.44
5.59
5.74
5.90
6.08
6.35
6.65
6.96
7.20
7.40
7.41
7.43
7.53
7.64
7.74
7.85
8.00
8.15
8.30
8.50
8.66
8.80
8.92
9.07
9.23
9.35
9.51
9.63
9.73
9.90
10.08
10.26
10.46
10.67
10.86
11.00
11.13
11.15
11.17
11.12
11.12
11.10
11.11
11.09
11.12
11.13
11.09
11.05
11.04
11.06
11.06
11.02
11.00
11.05
11.15
11.11
11.13
11.17
11.17
11.25
11.35
11.35
11.29
11.27
11.20
11.21
11.20
11.60
12.20
12.90
13.84
14.90
16.03
17.09
18.18
19.25
20.35
21.40
22.47
23.52
24.55
25.60
26.60
27.65
28.34
29.33
30.14
31.30
32.14
33.14
34.35
35.49
36.63
37.77
38.89
40.03
41.13
42.24
43.40
44.51
45.62
46.77
47.81
49.00
50.13
51.25
52.27
53.41
54.56
55.73
56.88
57.89
59.02
60.14
61.18
62.25
63.33
64.45
65.49
66.51
67.60
68.67
69.67
70.78
71.77
72.80
73.77
74.80
75.79
76.67
77.64
78.54
79.49
80.41
81.24
82.19
83.07
83.95
84.92
85.84
86.84
87.46
87.46
87.45
87.46
87.48
87.81
88.41
89.09
89.71
90.40
90.49
90.47
90.47
90.47
90.49
90.49
90.52
90.53
90.53
90.54
90.54
90.56
90.57
90.69
90.76
90.82
90.94
90.98
91.02
90.99
91.00
90.94
90.90
90.85
90.83
90.63
90.44
90.38
90.29
90.27
90.29
90.29
90.23
90.23
90.22
90.25
90.38
90.43
90.49
90.57
90.65
90.68
90.73
90.77
90.78
90.83
90.84
90.83
90.84
90.87
90.89
90.92
91.18
91.71
91.72
91.71
91.65
91.62
91.60
91.63
91.87
92.13
92.04
92.00
92.04
92.04
92.01
92.07
92.02
92.04
92.04
92.03
92.04
92.02
92.05
92.07
92.14
92.19
92.24
92.33
92.37
92.47
92.58
92.70
92.80
92.93
93.05
93.17
93.30
93.41
93.53
93.67
93.76
93.91
94.03
94.17
94.28
94.47
94.62
94.79
94.94
95.12
95.27
95.47
95.63
95.76
95.92
96.10
96.26
96.32
96.32
96.26
96.12
95.98
95.87
95.74
95.67
95.51
95.36
95.22
95.03
94.92
94.79
94.64
94.48
94.34
94.17
94.02
93.87
93.71
93.54
93.39
93.22
93.06
92.89
92.73
92.57
92.43
92.29
92.23
92.22
92.22
92.23
92.21
92.24
92.33
92.26
92.18
92.08
91.90
91.60
91.49
91.38
91.22
91.05
90.89
90.74
90.65
90.48
90.29
90.06
89.91
89.70
89.44
89.19
88.98
88.91
88.88
88.93
88.98
89.07
89.15
89.28
89.40
89.47
89.54
89.68
89.83
90.00
90.07
90.23
90.35
90.50
90.72
90.85
90.85
90.85
90.82
90.63
90.57
90.53
90.51
90.41
90.27
90.18
89.97
89.81
89.66
89.43
89.39
89.34
89.31
89.34
89.41
89.49
89.63
89.77
89.88
90.01
90.17
90.25
90.22
90.34
90.99
91.61
92.38
93.31
94.19
95.06
95.96
96.96
97.86
98.53
99.86
100.88
102.02
102.92
103.98
105.06
106.14
107.24
108.31
109.43
110.44
111.57
112.65
113.78
114.85
115.99
117.08
118.22
119.33
120.45
121.52
122.66
123.73
124.87
126.05
127.24
128.49
129.67
130.75
131.58
132.61
133.68
134.80
135.91
136.98
138.03
139.14
140.22
141.32
142.47
143.54
144.61
145.72
146.75
147.86
148.96
150.07
151.20
152.31
153.42
154.54
155.66
156.77
157.87
158.98
160.15
161.26
162.40
163.56
164.64
165.78
166.98
168.12
169.23
170.39
171.51
172.64
173.76
174.89
176.00
177.12
178.23
179.32
180.45
181.62
182.70
183.83
184.95
186.07
187.17
188.31
189.44
190.38
190.52
190.55
190.62
190.74
190.74
190.43
189.93
189.42
188.92
188.37
187.85
187.30
186.78
186.29
185.77
185.38
185.38
185.40
185.40
185.43
185.44
185.45
185.39
185.40
185.41
185.45
185.60
185.66
185.69
185.71
185.74
185.86
185.86
185.88
185.88
185.88
185.92
185.93
185.93
185.95
185.94
185.95
185.97
185.97
185.98
185.99
186.00
186.00
186.01
186.02
186.03
186.03
186.04
186.05
186.05
186.04
186.04
186.04
186.05
186.06
186.06
186.06
186.06
186.05
186.05
186.07
186.07
186.08
186.10
186.10
186.11
186.13
186.13
186.14
186.14
186.17
186.19
186.21
186.22
186.22
186.24
186.26
186.26
186.27
186.29
186.29
186.38
186.51
186.67
186.79
186.94
186.88
186.77
186.76
186.69
186.71
186.61
186.70
186.84
187.00
187.07
187.14
187.21
187.24
187.28
187.29
187.28
187.27
187.28
187.28
187.27
187.32
187.34
187.34
187.33
187.32
187.35
187.34
187.32
187.32
187.32
187.33
187.34
187.33
187.36
187.35
187.35
187.34
187.32
187.31
187.35
187.38
187.40
187.43
187.44
187.45
187.44
187.44
187.44
187.45
187.47
187.48
187.48
187.48
187.50
187.52
187.54
187.53
187.50
187.47
187.38
187.28
187.24
187.20
187.21
187.22
187.20
187.20
187.16
187.16
187.12
187.10
187.07
187.10
187.06
187.05
187.01
187.01
186.98
186.92
186.89
186.84
186.85
186.87
186.89
186.98
187.04
187.12
187.17
187.25
187.30
187.33
187.39
187.47
187.50
187.58
187.65
187.72
187.82
187.89
187.95
188.06
188.14
188.21
188.28
188.36
188.45
188.58
188.66
188.75
188.79
188.85
188.91
189.00
189.06
189.16
189.24
189.32
189.43
189.49
189.60
189.71
189.79
189.90
190.02
190.11
190.25
190.36
190.47
190.59
190.72
190.83
190.97
191.10
191.21
191.28
191.36
191.39
191.39
191.30
191.27
191.25
191.19
191.17
191.07
191.05
190.97
190.89
190.86
190.80
190.80
190.76
190.70
190.62
190.48
190.38
190.25
190.17
190.00
189.82
189.73
189.53
189.15
189.10
189.02
188.96
188.93
188.85
188.84
188.83
188.87
188.83
188.80
188.78
188.78
188.79
188.86
188.93
189.02
189.08
189.10
189.26
189.35
189.40
189.38
189.31
189.18
188.94
188.70
188.69
188.69
188.66
188.62
188.56
188.54
188.52
188.52
188.45
188.42
188.38
188.34
188.27
188.21
188.17
188.13
188.08
188.03
187.97
187.93
187.89
187.82
187.76
187.71
187.67
187.62
187.57
187.52
187.49
187.41
187.35
187.25
187.16
187.11
187.03
186.98
186.92
186.87
186.78
186.73
186.66
186.61
186.48
186.40
186.32
186.21
186.14
186.02
185.95
185.94
185.96
185.98
186.00
186.02
185.99
