2.37
2.37
2.37
2.39
2.40
2.40
2.41
2.40
2.40
2.41
2.40
2.42
2.42
2.41
2.42
2.43
2.45
2.57
2.66
2.66
2.68
2.72
2.74
2.78
2.83
2.92
3.02
3.09
3.21
3.21
3.21
3.22
3.22
3.22
3.23
3.23
3.22
3.22
3.23
3.23
3.23
3.23
3.22
3.29
3.42
3.58
3.71
3.79
3.80
3.92
4.04
4.06
4.07
4.07
4.08
4.10
4.10
4.09
4.09
4.08
4.11
4.13
4.15
4.15
4.26
4.23
4.22
4.22
4.22
4.22
4.22
4.23
4.24
4.25
4.25
4.26
4.27
4.27
4.29
4.29
4.28
4.28
4.30
4.29
4.29
4.29
4.28
4.29
4.29
4.28
4.28
4.38
4.36
4.47
4.46
4.47
4.48
4.48
4.50
4.53
4.56
4.64
4.68
4.74
4.79
4.83
4.89
4.94
4.97
4.97
4.98
4.99
5.04
5.09
5.11
5.15
5.22
5.23
5.31
5.39
5.45
5.51
5.60
5.69
5.70
5.80
5.83
5.89
5.90
5.94
5.97
5.99
6.03
6.12
6.18
6.24
6.30
6.36
6.38
6.42
6.47
6.53
6.54
6.61
6.65
6.71
6.75
6.81
6.86
6.94
6.94
6.99
7.02
7.02
7.06
7.08
7.14
7.21
7.26
7.28
7.32
7.35
7.41
7.44
7.49
7.56
7.60
7.63
7.69
7.71
7.71
7.77
7.82
7.84
7.87
7.90
7.95
7.86
7.96
8.03
8.11
8.13
8.15
8.17
8.19
8.19
8.18
8.17
8.13
8.12
8.11
8.17
8.21
8.21
8.26
8.29
8.31
8.34
8.38
8.42
8.43
8.45
8.45
8.46
8.49
8.48
8.46
8.45
8.46
8.45
8.44
8.47
8.42
8.44
8.44
8.44
8.43
8.44
8.45
8.45
8.45
8.45
8.45
8.46
8.45
8.45
8.45
8.45
8.44
8.43
8.43
8.44
8.43
8.51
8.47
8.51
8.51
8.51
8.55
8.46
8.51
8.55
8.53
8.51
8.51
8.51
8.50
8.51
8.50
8.50
8.50
8.50
8.49
8.57
8.94
9.60
10.32
11.55
13.10
14.75
16.35
17.90
19.47
21.14
21.98
22.65
23.29
23.98
24.68
25.39
26.11
26.76
27.51
28.24
29.07
29.88
30.69
31.55
32.30
33.13
34.20
34.84
35.68
36.54
37.48
38.34
39.04
39.53
40.43
41.46
42.54
43.79
44.76
45.39
45.97
46.62
47.25
47.76
48.27
48.92
49.63
50.33
50.95
51.51
52.07
52.77
53.36
54.14
54.88
55.54
56.27
56.99
57.76
58.58
59.35
59.98
60.84
61.73
62.59
63.42
64.25
64.93
65.76
66.53
67.16
67.93
68.55
69.22
69.84
70.52
71.32
72.05
72.85
73.61
74.33
74.93
75.69
76.81
77.66
78.34
79.03
79.69
80.28
80.91
81.58
82.20
82.73
83.33
84.22
84.84
85.71
86.48
87.13
87.87
88.54
89.18
89.91
90.74
91.57
92.32
92.88
93.44
94.10
94.09
94.10
94.05
94.01
94.05
94.11
94.12
94.12
94.10
94.10
94.11
94.11
94.08
94.09
94.05
93.98
94.03
94.03
94.06
94.02
94.00
93.99
93.97
93.97
93.96
93.97
93.96
93.96
94.00
94.01
94.02
94.04
94.03
94.02
94.00
94.01
94.00
94.01
94.00
94.01
94.00
94.00
93.99
94.01
94.00
94.01
94.00
94.00
94.01
94.00
94.00
94.00
94.01
94.01
94.01
94.01
94.01
94.02
94.02
94.02
94.00
94.00
94.01
94.00
94.01
94.00
94.00
94.00
93.98
93.99
93.99
94.00
94.00
93.99
93.98
93.99
94.00
94.01
94.02
94.01
94.02
94.02
94.02
94.20
94.81
95.43
95.99
96.54
97.16
97.75
98.34
98.97
99.42
99.44
99.43
99.42
99.42
99.41
99.41
99.40
99.39
99.39
99.38
99.39
99.38
99.37
99.37
99.37
99.38
99.38
99.38
99.38
99.38
99.38
99.37
99.38
99.38
99.38
99.38
99.38
99.37
99.37
99.37
99.48
99.22
98.92
98.96
98.96
98.88
98.91
98.89
98.89
98.87
98.84
98.83
98.83
98.93
98.95
98.89
98.84
98.86
98.87
98.89
98.90
98.89
98.88
98.88
98.88
98.89
98.89
98.88
98.87
98.88
98.88
98.88
98.87
98.88
98.85
98.88
98.89
98.87
98.82
98.83
98.82
98.85
98.78
98.80
98.80
98.83
98.81
98.88
98.98
98.95
98.90
98.92
98.90
98.84
98.83
98.68
98.58
98.65
99.21
99.28
99.26
99.26
99.22
99.18
99.21
99.26
99.68
99.59
99.59
99.60
99.59
99.39
99.34
98.63
98.57
98.58
98.55
98.39
97.75
96.45
96.44
96.45
96.57
96.60
96.57
96.53
96.54
96.54
96.54
96.56
96.55
96.55
96.55
96.51
96.44
95.72
95.74
95.74
95.77
95.75
95.81
95.84
95.82
95.84
95.81
95.79
95.77
96.23
96.39
96.39
96.39
96.29
95.30
95.03
95.01
95.05
95.07
95.09
95.07
95.04
95.00
95.00
95.01
95.10
95.21
95.19
95.25
95.25
95.23
95.28
95.27
95.27
95.24
95.27
95.24
95.22
95.23
95.22
95.23
95.22
95.22
95.22
95.21
95.20
95.18
95.17
95.16
95.15
95.25
95.20
95.19
95.19
95.17
95.18
95.18
95.16
95.15
95.32
95.46
95.47
95.52
95.53
95.53
95.57
95.60
95.67
95.76
95.89
96.02
96.16
96.24
96.24
96.24
96.24
96.24
96.24
96.24
96.22
96.21
96.20
96.20
96.19
96.19
96.19
96.20
96.20
96.20
96.18
96.18
96.17
96.16
96.14
96.14
96.13
96.19
96.32
96.46
96.63
96.76
96.93
97.09
97.27
97.40
97.53
97.68
97.77
97.87
97.98
98.16
98.30
98.29
98.30
98.30
98.29
98.32
98.38
98.38
98.39
98.41
98.40
98.40
98.40
98.38
98.33
98.31
98.32
98.31
98.29
98.36
98.52
98.59
98.78
98.95
99.12
99.24
99.27
99.09
99.14
98.91
98.80
98.79
98.86
98.77
98.63
98.45
98.49
98.47
98.47
98.47
98.63
98.65
98.65
98.63
98.67
98.71
98.65
98.58
98.52
98.43
98.37
98.31
98.27
98.22
98.18
98.12
98.10
98.04
97.93
97.91
97.83
97.80
97.72
97.66
97.61
97.54
97.51
97.49
97.45
97.41
97.37
97.34
97.37
97.46
97.63
97.80
97.96
98.07
98.06
98.06
98.07
98.13
98.16
98.09
98.06
98.06
98.17
98.17
98.21
98.21
98.21
98.22
98.22
98.24
98.23
98.22
98.21
98.21
98.20
98.20
98.21
98.22
98.22
98.22
98.23
98.22
98.21
98.20
98.20
98.20
98.19
98.39
98.54
98.47
98.39
98.39
98.35
98.29
98.28
98.25
98.24
98.22
98.23
98.35
98.44
98.42
98.40
98.39
98.37
98.35
98.33
98.33
98.34
98.33
98.33
98.34
98.32
98.32
98.32
98.33
98.32
98.31
98.30
98.31
98.31
98.31
98.30
98.30
98.28
98.29
98.30
98.29
98.29
98.29
98.28
98.28
98.28
98.29
98.28
98.28
98.28
98.29
98.28
98.29
98.29
98.27
98.26
98.26
98.25
98.25
98.26
98.25
98.25
98.26
98.26
98.25
98.24
98.23
98.23
98.22
98.21
98.20
98.20
98.20
98.19
98.19
98.18
98.18
98.18
98.17
98.17
98.15
97.98
97.81
97.63
97.65
97.64
97.62
97.49
97.25
97.04
96.80
96.60
96.26
96.22
96.23
96.24
96.24
96.35
96.49
96.50
96.50
96.64
96.97
97.09
97.08
97.03
96.70
96.48
96.48
96.47
96.48
96.48
96.50
96.49
96.49
96.49
96.49
96.50
96.49
96.50
96.50
96.54
96.54
96.57
96.57
96.58
96.60
96.62
96.62
96.63
96.63
96.64
96.65
96.65
96.65
96.65
96.64
96.64
96.63
96.64
96.64
96.65
96.65
96.67
96.66
96.66
96.66
96.68
96.69
96.69
96.69
96.71
96.71
96.71
96.72
96.72
96.72
96.73
96.74
96.74
96.74
96.75
96.76
96.72
96.59
96.38
96.13
95.97
95.98
95.98
96.05
96.49
96.99
96.98
96.98
96.99
97.00
97.00
97.00
97.00
97.00
97.01
97.01
97.02
97.03
97.03
97.04
97.06
97.05
97.06
97.07
97.08
97.09
97.09
97.09
97.10
97.10
97.10
97.09
97.08
97.08
97.09
97.10
97.10
97.10
97.10
97.10
97.09
97.10
97.10
97.09
97.08
97.09
97.10
97.10
97.09
97.10
97.11
97.11
97.11
97.11
97.11
97.12
97.12
97.11
97.12
97.12
97.13
97.12
97.13
97.14
97.15
97.14
97.15
97.16
97.15
97.16
97.16
97.14
97.15
97.15
97.15
97.13
97.15
97.15
97.14
97.15
97.14
97.14
97.13
97.13
97.14
97.13
97.13
97.15
97.15
97.15
97.16
97.16
97.18
97.21
97.20
97.19
97.18
97.19
97.21
97.22
97.23
97.23
97.24
97.24
97.23
97.26
97.27
97.27
97.26
97.27
97.27
97.27
97.28
97.28
97.28
97.27
97.28
97.29
97.30
97.31
97.32
97.32
97.30
97.30
97.31
97.32
97.32
97.31
97.31
97.30
97.30
97.31
97.32
97.32
97.32
97.34
97.34
97.35
97.34
97.12
97.07
97.08
97.09
97.09
97.09
97.10
97.11
97.12
97.12
97.12
97.11
97.11
97.12
97.12
97.11
97.10
97.10
97.10
97.09
97.09
97.10
97.10
97.10
97.09
97.10
97.09
97.10
97.11
97.12
97.11
97.11
97.11
97.09
97.09
97.09
97.10
97.11
97.11
97.11
97.11
97.13
97.13
97.14
97.14
97.14
97.14
97.14
97.15
97.14
97.15
97.17
97.19
97.19
97.20
97.21
97.20
97.21
97.22
97.22
97.23
97.23
97.23
97.23
97.24
97.25
97.24
97.24
97.23
97.23
97.14
97.18
97.21
97.23
97.26
97.26
97.27
97.25
97.25
97.25
97.24
97.25
97.25
97.23
97.24
97.23
97.24
97.24
97.24
97.22
97.22
97.22
97.20
97.21
97.21
97.22
97.23
97.22
97.24
97.24
97.24
97.25
97.24
97.25
97.25
97.25
97.26
97.26
97.26
97.25
97.26
97.26
97.26
97.27
97.27
97.28
97.28
97.27
97.26
97.26
97.27
97.28
97.28
97.28
97.28
97.27
97.27
97.28
97.28
97.28
97.29
97.31
97.30
97.29
97.30
97.30
97.30
97.32
97.32
97.32
97.32
97.31
97.32
97.32
97.32
97.33
97.33
97.33
97.32
97.33
97.33
97.33
97.32
97.33
97.35
97.35
97.34
97.35
97.35
97.36
97.35
97.36
97.36
97.36
97.36
97.35
97.35
97.35
97.35
97.35
97.37
97.37
97.37
97.36
97.36
97.36
97.36
97.37
97.36
97.36
97.37
97.37
97.37
97.38
97.38
97.38
97.39
97.40
97.40
97.39
97.39
97.40
97.41
97.40
97.40
97.41
97.41
97.41
97.41
97.42
97.42
97.43
97.44
97.43
97.44
97.44
97.44
97.45
97.46
97.46
97.46
97.46
97.45
97.44
97.45
97.46
97.46
97.46
97.46
97.46
97.47
97.48
97.49
97.47
97.49
97.48
97.49
97.49
97.50
97.49
97.49
97.50
97.51
97.50
97.50
97.51
97.51
97.51
97.51
97.50
97.51
97.51
97.51
97.51
97.51
97.52
97.53
97.54
