2.35
2.38
2.37
2.34
2.33
2.32
2.31
2.31
2.29
2.27
2.11
2.08
2.03
1.94
1.82
1.68
1.60
1.48
1.47
1.42
1.39
1.38
1.37
1.35
1.42
1.44
1.54
1.57
1.64
1.78
1.88
1.84
1.87
1.84
1.76
1.67
1.62
1.52
1.51
1.46
1.49
1.32
1.21
1.23
1.22
1.12
0.96
0.79
0.60
0.48
0.48
0.47
0.39
0.40
0.33
0.27
0.22
0.17
0.07
0.00
-0.10
-0.19
-0.32
-0.40
-0.47
-0.51
-0.45
-0.41
-0.43
-0.39
-0.36
-0.32
-0.27
-0.20
-0.16
-0.12
-0.08
-0.06
0.02
0.02
0.07
0.10
0.16
0.21
0.23
0.28
0.32
0.38
0.52
0.57
0.64
0.65
0.65
0.67
0.65
0.68
0.64
0.69
0.68
0.62
0.53
0.49
0.48
0.40
0.32
0.27
0.16
0.10
0.01
-0.03
-0.13
-0.22
-0.23
-0.25
-0.31
-0.37
-0.41
-0.47
-0.50
-0.56
-0.57
-0.55
-0.49
-0.38
-0.33
-0.25
-0.20
-0.13
-0.07
-0.02
0.03
0.06
0.13
0.14
0.14
0.15
0.12
0.14
0.15
0.14
0.17
0.13
0.18
0.12
0.14
0.11
0.08
0.05
-0.02
-0.13
-0.23
-0.35
-0.48
-0.56
-0.68
-0.73
-0.81
-0.86
-0.92
-1.03
-1.09
-1.14
-1.19
-1.19
-1.25
-1.25
-1.24
-1.30
-1.27
-1.34
-1.36
-1.35
-1.28
-1.18
-1.08
-0.95
-0.91
-0.95
-0.93
-0.84
-0.78
-0.69
-0.57
-0.47
-0.36
-0.24
-0.18
0.54
1.31
2.16
3.37
4.55
5.70
6.90
8.10
9.22
10.44
11.67
12.75
13.94
15.12
16.27
17.41
18.54
19.65
20.80
21.93
23.08
24.20
25.37
26.55
27.72
28.90
30.01
31.20
32.30
33.48
34.60
35.84
36.87
38.01
39.19
40.38
41.55
42.69
43.91
45.09
46.20
47.39
48.55
49.72
50.83
52.02
53.11
54.26
55.48
56.62
57.80
58.97
60.11
61.31
62.43
63.52
64.67
65.81
66.93
68.08
69.25
69.63
69.74
69.78
69.87
69.97
70.06
70.12
70.24
70.25
70.34
70.44
70.66
70.90
71.09
71.33
71.54
71.76
71.98
72.21
72.37
72.39
72.42
72.46
72.52
72.59
72.58
72.79
72.99
73.24
73.61
73.82
73.93
74.09
74.85
75.91
76.99
78.08
79.21
80.43
81.58
82.73
83.92
85.12
86.31
87.43
88.61
89.77
90.95
92.16
93.31
94.52
95.77
97.01
98.29
99.54
100.71
101.93
103.16
104.23
105.47
106.52
106.94
107.01
107.07
107.12
107.20
107.23
107.29
107.34
107.40
106.94
106.83
106.86
106.90
106.93
106.98
107.04
107.08
107.12
107.16
107.21
107.25
107.30
107.36
107.39
107.44
107.46
107.48
107.47
107.52
107.53
107.47
107.20
106.91
106.69
106.78
106.87
107.02
107.04
107.06
107.06
107.10
107.14
107.22
107.22
107.09
107.11
107.40
107.42
107.50
107.57
107.53
107.46
106.73
105.12
105.15
105.32
106.29
106.28
106.33
106.40
106.46
106.47
106.50
106.49
106.55
106.56
106.59
106.61
106.63
106.62
106.61
106.65
106.67
106.67
106.70
106.71
106.75
106.75
106.73
106.75
106.78
106.75
106.76
106.78
106.80
106.80
106.79
106.83
106.84
106.87
106.86
106.87
106.86
106.87
106.88
106.88
106.83
106.85
106.85
106.82
106.85
106.85
106.84
106.83
106.84
106.82
106.82
106.74
106.70
106.68
106.64
106.59
106.60
106.57
106.53
106.50
106.47
106.42
106.31
106.25
106.17
106.06
106.02
105.95
105.92
105.95
105.95
106.02
106.14
106.21
106.29
106.38
106.48
106.57
106.69
106.79
106.86
106.97
107.07
107.15
107.26
107.43
107.53
107.70
107.82
107.97
108.15
108.30
108.43
108.59
108.75
108.95
109.13
109.26
109.40
109.50
109.60
109.69
109.75
109.78
109.84
109.89
109.91
109.91
109.93
109.95
109.93
109.97
110.15
110.29
110.49
110.74
110.94
111.17
111.41
112.25
112.58
112.63
112.66
112.71
112.75
112.80
112.84
112.87
112.92
112.99
113.05
113.10
113.16
113.27
113.27
113.30
113.43
113.53
113.64
113.71
113.75
113.78
113.83
113.88
113.98
114.43
114.39
114.32
114.37
114.48
114.55
114.60
114.67
114.73
114.77
114.83
114.88
114.88
114.69
114.86
114.91
114.99
115.04
115.08
115.14
115.21
115.29
115.56
115.73
115.87
115.97
116.08
116.14
116.20
116.25
116.31
116.37
116.41
116.46
116.52
116.58
116.65
116.70
116.75
116.80
116.86
116.91
116.96
117.01
117.06
117.10
117.16
117.22
117.27
117.32
117.37
117.43
117.48
117.53
117.60
117.65
117.67
117.75
117.81
117.84
117.91
117.97
118.02
118.08
118.13
118.17
118.23
118.28
118.32
118.36
118.36
118.43
118.47
118.53
118.57
118.63
118.69
118.72
118.81
118.86
118.91
118.97
119.02
119.08
119.13
119.19
119.24
119.30
119.35
119.41
119.48
119.51
119.56
119.60
119.64
119.71
119.77
119.83
119.90
119.95
119.99
120.06
120.10
120.15
120.20
120.26
120.65
121.41
122.37
123.54
124.65
125.83
126.96
128.09
129.24
130.35
131.48
132.60
133.74
134.96
136.10
137.25
138.45
139.86
141.28
142.71
144.06
145.45
146.82
148.21
149.59
150.87
152.20
153.52
154.80
156.10
157.39
158.72
159.98
161.27
162.57
163.80
165.11
166.38
167.68
168.93
170.16
171.35
172.55
173.69
174.83
176.00
177.17
178.28
179.40
180.40
181.50
182.56
183.53
184.53
185.54
186.51
187.60
188.53
189.57
190.62
191.67
192.69
193.75
194.84
196.03
197.19
198.45
199.75
201.01
202.28
203.62
205.00
206.36
207.72
209.17
210.56
211.98
213.44
214.36
214.44
214.44
214.54
214.59
214.62
214.68
214.75
214.79
214.85
214.93
215.01
215.13
215.16
215.24
215.35
215.33
215.39
215.38
215.44
215.56
215.71
215.82
216.11
216.14
216.53
216.52
216.64
216.73
216.76
216.81
216.96
217.00
217.02
217.07
217.10
217.13
217.18
217.23
217.14
217.07
216.31
216.53
216.18
216.19
216.36
216.17
216.44
216.39
216.35
216.50
216.48
216.49
216.49
216.65
216.67
216.73
216.78
216.87
216.97
217.06
217.16
217.25
217.36
217.50
217.60
217.67
217.79
217.85
217.93
218.02
218.10
218.13
218.20
218.27
218.33
218.36
218.43
218.47
218.56
218.67
218.76
218.82
218.89
218.99
219.06
219.18
219.27
219.37
219.39
219.47
219.57
219.63
219.68
219.72
219.76
219.78
219.80
219.85
219.93
220.01
220.07
220.18
220.30
220.38
220.44
220.53
220.59
220.63
220.67
220.73
220.75
220.78
220.84
220.92
220.98
221.05
221.11
221.16
221.22
221.25
221.27
221.31
221.33
221.40
221.47
221.54
221.60
221.67
221.71
221.80
221.90
221.97
222.06
222.14
222.20
222.26
222.31
222.36
222.38
222.42
222.45
222.49
222.59
222.67
222.74
222.82
222.88
222.97
223.05
223.12
223.15
223.22
223.27
223.31
223.36
223.43
223.53
223.65
223.75
223.83
223.89
224.02
224.10
224.15
224.20
224.26
224.28
224.33
224.40
224.40
224.41
224.51
224.56
224.67
224.81
224.91
224.98
225.09
225.26
225.39
225.56
225.75
225.93
226.07
226.20
226.33
226.45
226.52
226.59
226.64
226.70
226.75
226.79
226.86
226.92
226.97
227.02
227.07
227.12
227.16
227.21
227.27
227.31
227.37
227.42
227.46
227.51
227.56
227.61
227.65
227.71
227.75
227.82
