0.24
0.25
0.26
0.24
0.24
0.22
0.22
0.23
0.24
0.24
0.24
0.23
0.23
0.23
0.23
0.23
0.22
0.22
0.22
0.22
0.21
0.20
0.20
0.20
0.21
0.21
0.21
0.21
0.22
0.22
0.21
0.20
0.20
0.18
0.17
0.16
0.16
0.16
0.16
0.16
0.16
0.14
0.13
0.13
0.12
0.11
0.10
0.10
0.08
0.08
0.10
0.08
-0.05
-0.05
-0.03
-0.03
-0.04
-0.03
-0.03
-0.03
-0.05
-0.06
-0.07
-0.08
-0.07
-0.07
-0.08
-0.07
-0.07
-0.07
-0.08
-0.07
-0.07
-0.07
-0.07
-0.07
-0.08
-0.07
-0.08
-0.09
-0.10
-0.11
-0.10
-0.09
-0.09
-0.10
-0.11
-0.10
-0.11
-0.10
-0.09
-0.09
-0.08
-0.11
-0.11
-0.12
-0.13
-0.10
-0.12
-0.13
-0.13
-0.13
-0.14
-0.15
-0.15
-0.15
-0.18
-0.18
-0.19
-0.18
-0.18
-0.17
-0.16
-0.16
-0.16
-0.19
-0.20
-0.21
-0.21
-0.21
-0.21
-0.23
-0.22
-0.21
-0.23
-0.24
-0.24
-0.25
-0.26
-0.24
-0.24
-0.23
-0.25
-0.27
-0.26
-0.26
-0.26
-0.26
-0.27
-0.27
-0.28
-0.28
-0.30
-0.31
-0.31
-0.25
-0.23
-0.15
-0.10
-0.06
0.04
0.11
0.16
0.25
0.31
0.41
0.48
0.56
0.64
0.69
0.78
0.85
0.92
1.01
1.10
1.14
1.19
1.26
1.36
1.43
1.54
1.63
1.71
1.80
1.88
1.97
2.01
2.09
2.18
2.27
2.33
2.30
2.30
2.29
2.28
2.27
2.25
2.23
2.24
2.23
2.24
2.23
2.21
2.27
2.32
2.38
2.48
2.58
2.68
2.75
2.85
2.96
3.07
3.22
3.34
3.45
3.56
3.64
3.76
3.88
4.00
4.13
4.24
4.34
4.47
4.58
4.65
4.77
4.92
4.99
5.10
5.21
5.33
5.40
5.49
5.59
5.69
5.82
5.92
6.02
6.16
6.27
6.36
6.46
6.57
6.65
6.77
6.87
6.96
7.11
7.19
7.29
7.44
7.53
7.65
7.75
7.84
7.96
8.06
8.17
8.30
8.41
8.51
8.60
8.72
8.84
8.97
9.09
9.20
9.30
9.44
9.56
9.68
9.83
9.95
10.02
10.01
10.00
9.99
9.97
9.97
9.97
9.98
9.98
9.99
9.99
10.00
10.00
10.01
10.01
10.02
10.02
10.01
10.02
10.02
10.03
10.04
10.06
10.10
10.11
10.15
10.18
10.20
10.32
10.70
10.71
10.67
10.72
10.75
10.82
10.89
10.94
11.02
11.11
11.28
11.24
11.19
11.26
11.20
11.18
11.09
11.07
11.08
11.07
11.06
11.05
11.06
11.35
12.49
13.62
15.49
17.22
18.96
20.72
22.43
24.39
26.39
28.31
30.32
32.40
34.39
36.50
38.48
40.52
42.51
44.55
46.51
48.36
50.29
52.36
54.19
56.17
58.09
59.96
61.84
63.71
65.85
67.91
70.00
72.07
74.19
76.27
78.49
80.58
82.68
84.76
86.53
86.51
86.49
86.63
87.00
87.54
88.00
89.54
89.87
89.85
89.83
89.83
89.83
89.81
89.85
89.87
89.84
89.87
89.91
89.88
90.13
90.14
90.24
90.38
90.83
90.36
90.25
90.22
90.28
90.29
90.42
90.45
90.55
90.59
90.59
90.61
90.61
90.62
90.61
90.62
90.64
90.61
90.51
90.40
90.41
90.41
90.41
90.40
90.41
90.41
90.39
90.40
90.40
90.39
90.39
90.38
90.37
90.39
90.36
90.49
90.42
90.37
90.30
90.28
90.24
90.20
90.15
90.12
90.09
90.04
90.00
90.00
90.00
90.01
90.00
89.99
90.00
90.01
90.03
90.02
90.01
90.00
89.97
90.04
90.11
90.17
90.18
90.19
90.22
90.27
90.30
90.33
90.35
90.40
90.44
90.48
90.53
90.56
90.57
90.60
90.65
90.65
90.69
90.73
90.74
90.77
90.80
90.85
90.90
90.93
90.99
91.03
91.06
91.08
91.12
91.12
91.13
91.18
91.21
91.21
91.23
91.28
91.29
91.35
91.36
91.39
91.45
91.46
91.51
91.52
91.56
91.63
91.66
91.73
91.78
91.80
91.84
91.88
91.95
91.98
92.04
92.11
92.17
92.24
92.29
92.33
92.39
92.44
92.47
92.52
92.59
92.65
92.68
92.75
92.78
92.87
92.92
92.99
93.03
93.06
93.11
93.17
93.22
93.24
93.27
93.32
93.39
93.45
93.47
93.52
93.56
93.59
93.61
93.62
93.65
93.63
93.62
93.64
93.67
93.64
93.62
93.64
93.67
93.67
93.64
93.64
93.65
93.65
93.65
93.65
93.70
93.74
93.79
93.80
93.83
93.88
94.00
93.99
93.99
94.06
94.08
94.23
94.35
94.61
94.93
95.36
95.57
95.70
95.65
95.65
95.66
95.68
95.66
95.66
95.66
95.62
95.65
95.56
95.55
95.59
95.52
95.55
95.51
95.38
95.40
95.46
95.47
95.71
96.64
98.21
99.94
101.68
103.74
105.77
107.76
109.78
111.81
113.90
115.99
118.04
120.13
122.23
124.34
126.52
128.71
130.91
133.20
135.49
137.71
139.95
142.10
143.71
143.67
143.67
143.69
143.65
143.67
143.70
143.71
143.69
143.67
143.68
143.68
143.68
143.69
143.69
143.69
143.72
143.81
143.78
143.77
143.80
143.90
143.74
143.74
143.63
143.64
143.60
143.54
143.62
143.63
143.29
144.01
143.92
143.81
143.80
143.84
143.82
143.84
143.93
143.89
143.86
143.80
143.96
144.07
144.24
144.30
144.41
144.36
144.38
144.35
144.27
144.31
144.40
144.43
144.37
144.33
144.23
144.23
144.20
144.19
144.22
144.13
143.86
144.17
143.92
143.87
143.96
144.31
144.30
144.33
144.32
144.31
144.32
144.32
144.32
144.54
145.17
145.92
146.99
148.08
149.12
150.30
151.35
152.40
153.47
154.60
155.66
156.82
157.84
158.97
160.06
161.23
162.37
163.58
164.76
165.95
167.15
168.37
169.61
170.87
172.14
173.36
174.65
175.75
175.76
175.73
175.73
175.74
175.80
175.92
175.90
176.84
177.59
177.27
177.24
177.18
177.12
177.06
177.04
177.03
177.03
177.02
177.02
177.04
177.04
177.04
177.05
177.14
177.23
177.27
177.27
177.37
177.49
177.48
177.43
177.47
177.49
177.49
177.49
177.50
177.51
177.53
177.53
177.53
177.53
177.54
177.56
177.68
177.79
177.81
177.78
177.81
177.78
177.78
177.89
177.95
178.00
178.07
178.15
178.20
178.30
178.38
178.40
178.50
178.55
178.66
178.73
178.83
178.92
179.01
179.08
179.17
179.26
179.30
179.37
179.41
179.49
179.60
179.65
179.74
179.84
179.92
179.99
180.15
180.18
180.28
180.37
180.48
180.59
180.64
180.73
180.84
180.91
181.02
181.10
181.21
181.29
181.38
181.49
181.57
181.65
181.76
181.86
181.97
182.02
182.13
182.25
182.34
182.40
182.49
182.63
182.66
182.80
182.88
182.92
183.01
183.08
183.14
183.23
183.29
183.44
183.51
183.60
183.66
183.67
183.72
183.75
183.78
183.84
183.87
183.93
183.97
184.02
184.08
184.11
184.20
184.22
184.25
184.24
184.23
184.23
184.24
184.24
